120.2167 22.0000 0.0 4.26
120.5072 22.0000 0.0 4.26
120.7493 22.0000 0.0 4.44
120.9913 22.0000 0.0 4.51
121.2335 22.0000 0.0 4.08
121.5725 22.0000 0.0 5.23
120.2167 22.3160 0.0 3.43
120.5075 22.3160 0.0 5.33
120.7498 22.3160 0.0 5.27
120.9922 22.3160 0.0 3.88
121.2347 22.3160 0.0 4.26
121.5740 22.3160 0.0 4.26
120.2167 22.6773 0.0 3.52
120.5078 22.6773 0.0 3.20
120.7505 22.6773 0.0 5.26
120.9932 22.6773 0.0 3.38
121.2358 22.6773 0.0 3.24
121.5757 22.6773 0.0 4.10
120.2167 22.8580 0.0 3.78
120.5080 22.8580 0.0 3.27
120.7508 22.8580 0.0 5.30
120.9937 22.8580 0.0 4.84
121.2365 22.8580 0.0 3.81
121.5765 22.8580 0.0 4.26
120.2167 23.0385 0.0 3.34
120.5083 23.0385 0.0 4.19
120.7512 23.0385 0.0 5.24
120.9942 23.0385 0.0 4.22
121.2372 23.0385 0.0 3.43
121.5773 23.0385 0.0 3.83
120.2167 23.2192 0.0 4.13
120.5085 23.2192 0.0 4.54
120.7517 23.2192 0.0 4.86
120.9947 23.2192 0.0 4.28
121.2378 23.2192 0.0 3.90
121.5783 23.2192 0.0 3.98
120.2167 23.3998 0.0 4.69
120.5087 23.3998 0.0 3.23
120.7520 23.3998 0.0 4.36
120.9952 23.3998 0.0 4.59
121.2385 23.3998 0.0 5.06
121.5792 23.3998 0.0 4.87
120.2167 23.6707 0.0 4.37
120.5090 23.6707 0.0 3.22
120.7525 23.6707 0.0 4.79
120.9960 23.6707 0.0 4.14
121.2395 23.6707 0.0 3.36
121.5805 23.6707 0.0 4.80
120.2167 23.9417 0.0 4.52
120.5092 23.9417 0.0 3.76
120.7530 23.9417 0.0 4.40
120.9968 23.9417 0.0 5.32
121.2405 23.9417 0.0 4.45
121.5818 23.9417 0.0 3.35
120.2167 24.2125 0.0 4.26
120.5095 24.2125 0.0 4.22
120.7535 24.2125 0.0 3.58
120.9975 24.2125 0.0 4.66
121.2417 24.2125 0.0 5.38
121.5832 24.2125 0.0 5.28
120.2167 24.4835 0.0 4.26
120.5098 24.4835 0.0 4.26
120.7540 24.4835 0.0 3.46
120.9983 24.4835 0.0 3.72
121.2427 24.4835 0.0 3.89
121.5847 24.4835 0.0 4.99
120.2167 24.7545 0.0 4.26
120.5102 24.7545 0.0 4.26
120.7547 24.7545 0.0 4.27
120.9992 24.7545 0.0 3.56
121.2437 24.7545 0.0 4.93
121.5860 24.7545 0.0 4.52
120.2167 25.0705 0.0 4.26
120.5105 25.0705 0.0 4.26
120.7552 25.0705 0.0 4.26
121.0000 25.0705 0.0 4.26
121.2448 25.0705 0.0 4.11
121.5877 25.0705 0.0 5.07
120.2167 22.0000 4.0 4.86
120.5072 22.0000 4.0 4.91
120.7493 22.0000 4.0 5.22
120.9913 22.0000 4.0 5.50
121.2335 22.0000 4.0 4.68
121.5725 22.0000 4.0 5.91
120.2167 22.3160 4.0 3.83
120.5075 22.3160 4.0 5.98
120.7498 22.3160 4.0 5.75
120.9922 22.3160 4.0 4.80
121.2347 22.3160 4.0 4.61
121.5740 22.3160 4.0 4.87
120.2167 22.6773 4.0 3.86
120.5078 22.6773 4.0 3.74
120.7505 22.6773 4.0 5.90
120.9932 22.6773 4.0 3.77
121.2358 22.6773 4.0 3.76
121.5757 22.6773 4.0 4.55
120.2167 22.8580 4.0 4.11
120.5080 22.8580 4.0 3.76
120.7508 22.8580 4.0 5.98
120.9937 22.8580 4.0 4.26
121.2365 22.8580 4.0 4.31
121.5765 22.8580 4.0 4.82
120.2167 23.0385 4.0 3.84
120.5083 23.0385 4.0 3.78
120.7512 23.0385 4.0 4.12
120.9942 23.0385 4.0 5.98
121.2372 23.0385 4.0 3.80
121.5773 23.0385 4.0 4.79
120.2167 23.2192 4.0 4.55
120.5085 23.2192 4.0 4.38
120.7517 23.2192 4.0 4.65
120.9947 23.2192 4.0 5.98
121.2378 23.2192 4.0 4.12
121.5783 23.2192 4.0 4.46
120.2167 23.3998 4.0 4.82
120.5087 23.3998 4.0 3.84
120.7520 23.3998 4.0 5.44
120.9952 23.3998 4.0 5.62
121.2385 23.3998 4.0 4.56
121.5792 23.3998 4.0 5.98
120.2167 23.6707 4.0 5.14
120.5090 23.6707 4.0 3.82
120.7525 23.6707 4.0 4.69
120.9960 23.6707 4.0 5.98
121.2395 23.6707 4.0 5.54
121.5805 23.6707 4.0 5.94
120.2167 23.9417 4.0 5.14
120.5092 23.9417 4.0 4.64
120.7530 23.9417 4.0 3.86
120.9968 23.9417 4.0 4.57
121.2405 23.9417 4.0 5.97
121.5818 23.9417 4.0 4.42
120.2167 24.2125 4.0 4.86
120.5095 24.2125 4.0 4.92
120.7535 24.2125 4.0 3.96
120.9975 24.2125 4.0 5.67
121.2417 24.2125 4.0 5.00
121.5832 24.2125 4.0 5.97
120.2167 24.4835 4.0 4.86
120.5098 24.4835 4.0 4.86
120.7540 24.4835 4.0 4.04
120.9983 24.4835 4.0 5.29
121.2427 24.4835 4.0 4.35
121.5847 24.4835 4.0 5.45
120.2167 24.7545 4.0 4.86
120.5102 24.7545 4.0 4.86
120.7547 24.7545 4.0 4.77
120.9992 24.7545 4.0 4.61
121.2437 24.7545 4.0 5.85
121.5860 24.7545 4.0 4.58
120.2167 25.0705 4.0 4.86
120.5105 25.0705 4.0 4.86
120.7552 25.0705 4.0 4.86
121.0000 25.0705 4.0 4.90
121.2448 25.0705 4.0 4.14
121.5877 25.0705 4.0 5.04
120.2167 22.0000 9.0 5.76
120.5072 22.0000 9.0 5.94
120.7493 22.0000 9.0 6.16
120.9913 22.0000 9.0 6.17
121.2335 22.0000 9.0 6.72
121.5725 22.0000 9.0 6.84
120.2167 22.3160 9.0 4.78
120.5075 22.3160 9.0 5.34
120.7498 22.3160 9.0 4.95
120.9922 22.3160 9.0 5.13
121.2347 22.3160 9.0 5.57
121.5740 22.3160 9.0 6.19
120.2167 22.6773 9.0 4.72
120.5078 22.6773 9.0 4.96
120.7505 22.6773 9.0 6.07
120.9932 22.6773 9.0 6.35
121.2358 22.6773 9.0 5.26
121.5757 22.6773 9.0 5.55
120.2167 22.8580 9.0 4.93
120.5080 22.8580 9.0 4.64
120.7508 22.8580 9.0 6.80
120.9937 22.8580 9.0 4.64
121.2365 22.8580 9.0 6.04
121.5765 22.8580 9.0 5.79
120.2167 23.0385 9.0 5.06
120.5083 23.0385 9.0 4.64
120.7512 23.0385 9.0 5.75
120.9942 23.0385 9.0 6.41
121.2372 23.0385 9.0 5.06
121.5773 23.0385 9.0 6.85
120.2167 23.2192 9.0 5.56
120.5085 23.2192 9.0 5.78
120.7517 23.2192 9.0 5.51
120.9947 23.2192 9.0 6.26
121.2378 23.2192 9.0 5.71
121.5783 23.2192 9.0 6.76
120.2167 23.3998 9.0 5.32
120.5087 23.3998 9.0 5.73
120.7520 23.3998 9.0 6.04
120.9952 23.3998 9.0 6.18
121.2385 23.3998 9.0 6.12
121.5792 23.3998 9.0 6.81
120.2167 23.6707 9.0 5.81
120.5090 23.6707 9.0 5.60
120.7525 23.6707 9.0 5.32
120.9960 23.6707 9.0 5.72
121.2395 23.6707 9.0 6.11
121.5805 23.6707 9.0 6.88
120.2167 23.9417 9.0 6.04
120.5092 23.9417 9.0 6.03
120.7530 23.9417 9.0 5.01
120.9968 23.9417 9.0 6.32
121.2405 23.9417 9.0 5.63
121.5818 23.9417 9.0 6.88
120.2167 24.2125 9.0 5.76
120.5095 24.2125 9.0 5.95
120.7535 24.2125 9.0 5.41
120.9975 24.2125 9.0 5.53
121.2417 24.2125 9.0 4.73
121.5832 24.2125 9.0 6.65
120.2167 24.4835 9.0 5.76
120.5098 24.4835 9.0 5.76
120.7540 24.4835 9.0 5.53
120.9983 24.4835 9.0 5.76
121.2427 24.4835 9.0 6.56
121.5847 24.4835 9.0 6.29
120.2167 24.7545 9.0 5.76
120.5102 24.7545 9.0 5.76
120.7547 24.7545 9.0 5.51
120.9992 24.7545 9.0 5.65
121.2437 24.7545 9.0 6.07
121.5860 24.7545 9.0 6.39
120.2167 25.0705 9.0 5.76
120.5105 25.0705 9.0 5.76
120.7552 25.0705 9.0 5.76
121.0000 25.0705 9.0 5.74
121.2448 25.0705 9.0 5.05
121.5877 25.0705 9.0 5.82
120.2167 22.0000 18.0 6.28
120.5072 22.0000 18.0 6.52
120.7493 22.0000 18.0 6.29
120.9913 22.0000 18.0 5.76
121.2335 22.0000 18.0 6.75
121.5725 22.0000 18.0 7.25
120.2167 22.3160 18.0 6.01
120.5075 22.3160 18.0 5.16
120.7498 22.3160 18.0 5.51
120.9922 22.3160 18.0 6.90
121.2347 22.3160 18.0 7.08
121.5740 22.3160 18.0 6.33
120.2167 22.6773 18.0 5.48
120.5078 22.6773 18.0 6.13
120.7505 22.6773 18.0 5.39
120.9932 22.6773 18.0 6.76
121.2358 22.6773 18.0 7.40
121.5757 22.6773 18.0 6.37
120.2167 22.8580 18.0 5.60
120.5080 22.8580 18.0 6.24
120.7508 22.8580 18.0 5.67
120.9937 22.8580 18.0 6.30
121.2365 22.8580 18.0 7.40
121.5765 22.8580 18.0 7.26
120.2167 23.0385 18.0 6.72
120.5083 23.0385 18.0 5.98
120.7512 23.0385 18.0 6.42
120.9942 23.0385 18.0 6.06
121.2372 23.0385 18.0 7.32
121.5773 23.0385 18.0 7.02
120.2167 23.2192 18.0 5.94
120.5085 23.2192 18.0 6.40
120.7517 23.2192 18.0 6.33
120.9947 23.2192 18.0 5.91
121.2378 23.2192 18.0 6.64
121.5783 23.2192 18.0 7.23
120.2167 23.3998 18.0 5.54
120.5087 23.3998 18.0 6.50
120.7520 23.3998 18.0 5.97
120.9952 23.3998 18.0 5.78
121.2385 23.3998 18.0 6.06
121.5792 23.3998 18.0 6.64
120.2167 23.6707 18.0 6.84
120.5090 23.6707 18.0 6.68
120.7525 23.6707 18.0 6.58
120.9960 23.6707 18.0 5.66
121.2395 23.6707 18.0 5.78
121.5805 23.6707 18.0 7.40
120.2167 23.9417 18.0 6.64
120.5092 23.9417 18.0 6.51
120.7530 23.9417 18.0 6.65
120.9968 23.9417 18.0 6.06
121.2405 23.9417 18.0 6.01
121.5818 23.9417 18.0 7.40
120.2167 24.2125 18.0 6.36
120.5095 24.2125 18.0 6.05
120.7535 24.2125 18.0 6.30
120.9975 24.2125 18.0 5.84
121.2417 24.2125 18.0 6.09
121.5832 24.2125 18.0 6.68
120.2167 24.4835 18.0 6.28
120.5098 24.4835 18.0 6.40
120.7540 24.4835 18.0 7.00
120.9983 24.4835 18.0 5.85
121.2427 24.4835 18.0 5.94
121.5847 24.4835 18.0 6.35
120.2167 24.7545 18.0 6.28
120.5102 24.7545 18.0 6.28
120.7547 24.7545 18.0 5.91
120.9992 24.7545 18.0 6.95
121.2437 24.7545 18.0 6.56
121.5860 24.7545 18.0 6.08
120.2167 25.0705 18.0 6.28
120.5105 25.0705 18.0 6.28
120.7552 25.0705 18.0 6.28
121.0000 25.0705 18.0 6.18
121.2448 25.0705 18.0 5.67
121.5877 25.0705 18.0 7.28
120.2167 22.0000 27.0 6.82
120.5072 22.0000 27.0 6.82
120.7493 22.0000 27.0 6.52
120.9913 22.0000 27.0 6.97
121.2335 22.0000 27.0 7.31
121.5725 22.0000 27.0 6.91
120.2167 22.3160 27.0 6.82
120.5075 22.3160 27.0 5.76
120.7498 22.3160 27.0 6.72
120.9922 22.3160 27.0 6.65
121.2347 22.3160 27.0 7.66
121.5740 22.3160 27.0 6.91
120.2167 22.6773 27.0 6.58
120.5078 22.6773 27.0 6.29
120.7505 22.6773 27.0 6.31
120.9932 22.6773 27.0 6.46
121.2358 22.6773 27.0 7.94
121.5757 22.6773 27.0 7.22
120.2167 22.8580 27.0 6.29
120.5080 22.8580 27.0 7.70
120.7508 22.8580 27.0 7.28
120.9937 22.8580 27.0 6.11
121.2365 22.8580 27.0 7.29
121.5765 22.8580 27.0 7.25
120.2167 23.0385 27.0 6.12
120.5083 23.0385 27.0 6.75
120.7512 23.0385 27.0 6.51
120.9942 23.0385 27.0 6.38
121.2372 23.0385 27.0 6.34
121.5773 23.0385 27.0 6.79
120.2167 23.2192 27.0 6.95
120.5085 23.2192 27.0 7.11
120.7517 23.2192 27.0 6.02
120.9947 23.2192 27.0 6.47
121.2378 23.2192 27.0 6.82
121.5783 23.2192 27.0 7.12
120.2167 23.3998 27.0 7.12
120.5087 23.3998 27.0 6.59
120.7520 23.3998 27.0 6.60
120.9952 23.3998 27.0 6.95
121.2385 23.3998 27.0 6.76
121.5792 23.3998 27.0 7.14
120.2167 23.6707 27.0 6.17
120.5090 23.6707 27.0 7.06
120.7525 23.6707 27.0 7.24
120.9960 23.6707 27.0 6.83
121.2395 23.6707 27.0 6.59
121.5805 23.6707 27.0 7.78
120.2167 23.9417 27.0 6.53
120.5092 23.9417 27.0 7.01
120.7530 23.9417 27.0 7.02
120.9968 23.9417 27.0 6.84
121.2405 23.9417 27.0 5.75
121.5818 23.9417 27.0 7.69
120.2167 24.2125 27.0 6.87
120.5095 24.2125 27.0 6.78
120.7535 24.2125 27.0 7.34
120.9975 24.2125 27.0 6.75
121.2417 24.2125 27.0 5.83
121.5832 24.2125 27.0 7.78
120.2167 24.4835 27.0 6.82
120.5098 24.4835 27.0 6.59
120.7540 24.4835 27.0 6.73
120.9983 24.4835 27.0 7.33
121.2427 24.4835 27.0 5.70
121.5847 24.4835 27.0 6.09
120.2167 24.7545 27.0 6.82
120.5102 24.7545 27.0 6.82
120.7547 24.7545 27.0 6.82
120.9992 24.7545 27.0 7.54
121.2437 24.7545 27.0 7.39
121.5860 24.7545 27.0 6.25
120.2167 25.0705 27.0 6.82
120.5105 25.0705 27.0 6.82
120.7552 25.0705 27.0 6.82
121.0000 25.0705 27.0 6.82
121.2448 25.0705 27.0 6.31
121.5877 25.0705 27.0 6.88
120.2167 22.0000 38.0 7.50
120.5072 22.0000 38.0 7.50
120.7493 22.0000 38.0 7.50
120.9913 22.0000 38.0 7.37
121.2335 22.0000 38.0 8.01
121.5725 22.0000 38.0 7.55
120.2167 22.3160 38.0 7.50
120.5075 22.3160 38.0 7.79
120.7498 22.3160 38.0 6.91
120.9922 22.3160 38.0 8.21
121.2347 22.3160 38.0 8.23
121.5740 22.3160 38.0 7.69
120.2167 22.6773 38.0 7.43
120.5078 22.6773 38.0 8.18
120.7505 22.6773 38.0 7.44
120.9932 22.6773 38.0 6.62
121.2358 22.6773 38.0 7.78
121.5757 22.6773 38.0 7.08
120.2167 22.8580 38.0 7.50
120.5080 22.8580 38.0 8.34
120.7508 22.8580 38.0 7.94
120.9937 22.8580 38.0 6.67
121.2365 22.8580 38.0 6.77
121.5765 22.8580 38.0 7.40
120.2167 23.0385 38.0 7.55
120.5083 23.0385 38.0 8.11
120.7512 23.0385 38.0 7.54
120.9942 23.0385 38.0 6.89
121.2372 23.0385 38.0 7.38
121.5773 23.0385 38.0 7.58
120.2167 23.2192 38.0 7.74
120.5085 23.2192 38.0 8.36
120.7517 23.2192 38.0 7.82
120.9947 23.2192 38.0 6.74
121.2378 23.2192 38.0 7.47
121.5783 23.2192 38.0 7.61
120.2167 23.3998 38.0 7.39
120.5087 23.3998 38.0 7.40
120.7520 23.3998 38.0 7.05
120.9952 23.3998 38.0 7.65
121.2385 23.3998 38.0 6.95
121.5792 23.3998 38.0 7.49
120.2167 23.6707 38.0 7.82
120.5090 23.6707 38.0 7.81
120.7525 23.6707 38.0 7.55
120.9960 23.6707 38.0 6.72
121.2395 23.6707 38.0 7.83
121.5805 23.6707 38.0 7.91
120.2167 23.9417 38.0 7.81
120.5092 23.9417 38.0 7.09
120.7530 23.9417 38.0 8.05
120.9968 23.9417 38.0 6.86
121.2405 23.9417 38.0 6.74
121.5818 23.9417 38.0 7.52
120.2167 24.2125 38.0 7.29
120.5095 24.2125 38.0 7.17
120.7535 24.2125 38.0 8.23
120.9975 24.2125 38.0 8.11
121.2417 24.2125 38.0 6.45
121.5832 24.2125 38.0 8.60
120.2167 24.4835 38.0 7.50
120.5098 24.4835 38.0 7.31
120.7540 24.4835 38.0 7.61
120.9983 24.4835 38.0 8.38
121.2427 24.4835 38.0 6.52
121.5847 24.4835 38.0 7.95
120.2167 24.7545 38.0 7.50
120.5102 24.7545 38.0 7.50
120.7547 24.7545 38.0 7.50
120.9992 24.7545 38.0 7.61
121.2437 24.7545 38.0 7.71
121.5860 24.7545 38.0 8.10
120.2167 25.0705 38.0 7.50
120.5105 25.0705 38.0 7.50
120.7552 25.0705 38.0 7.50
121.0000 25.0705 38.0 7.50
121.2448 25.0705 38.0 7.20
121.5877 25.0705 38.0 6.64
120.2167 22.0000 55.0 7.85
120.5072 22.0000 55.0 7.85
120.7493 22.0000 55.0 7.85
120.9913 22.0000 55.0 7.59
121.2335 22.0000 55.0 7.88
121.5725 22.0000 55.0 7.79
120.2167 22.3160 55.0 7.85
120.5075 22.3160 55.0 7.85
120.7498 22.3160 55.0 7.61
120.9922 22.3160 55.0 8.19
121.2347 22.3160 55.0 7.88
121.5740 22.3160 55.0 7.85
120.2167 22.6773 55.0 7.84
120.5078 22.6773 55.0 7.80
120.7505 22.6773 55.0 8.11
120.9932 22.6773 55.0 7.70
121.2358 22.6773 55.0 7.93
121.5757 22.6773 55.0 7.68
120.2167 22.8580 55.0 7.86
120.5080 22.8580 55.0 7.82
120.7508 22.8580 55.0 8.11
120.9937 22.8580 55.0 7.65
121.2365 22.8580 55.0 7.88
121.5765 22.8580 55.0 7.91
120.2167 23.0385 55.0 7.85
120.5083 23.0385 55.0 7.87
120.7512 23.0385 55.0 7.83
120.9942 23.0385 55.0 7.95
121.2372 23.0385 55.0 8.82
121.5773 23.0385 55.0 8.10
120.2167 23.2192 55.0 7.85
120.5085 23.2192 55.0 7.85
120.7517 23.2192 55.0 7.90
120.9947 23.2192 55.0 8.14
121.2378 23.2192 55.0 7.96
121.5783 23.2192 55.0 7.87
120.2167 23.3998 55.0 7.85
120.5087 23.3998 55.0 7.85
120.7520 23.3998 55.0 7.85
120.9952 23.3998 55.0 8.09
121.2385 23.3998 55.0 7.89
121.5792 23.3998 55.0 7.87
120.2167 23.6707 55.0 7.85
120.5090 23.6707 55.0 7.85
120.7525 23.6707 55.0 7.85
120.9960 23.6707 55.0 8.20
121.2395 23.6707 55.0 8.05
121.5805 23.6707 55.0 7.89
120.2167 23.9417 55.0 7.85
120.5092 23.9417 55.0 7.85
120.7530 23.9417 55.0 7.85
120.9968 23.9417 55.0 7.95
121.2405 23.9417 55.0 7.84
121.5818 23.9417 55.0 7.55
120.2167 24.2125 55.0 7.85
120.5095 24.2125 55.0 7.85
120.7535 24.2125 55.0 7.85
120.9975 24.2125 55.0 8.20
121.2417 24.2125 55.0 8.15
121.5832 24.2125 55.0 8.73
120.2167 24.4835 55.0 7.85
120.5098 24.4835 55.0 7.85
120.7540 24.4835 55.0 7.85
120.9983 24.4835 55.0 7.74
121.2427 24.4835 55.0 7.79
121.5847 24.4835 55.0 8.94
120.2167 24.7545 55.0 7.85
120.5102 24.7545 55.0 7.85
120.7547 24.7545 55.0 7.85
120.9992 24.7545 55.0 7.85
121.2437 24.7545 55.0 7.11
121.5860 24.7545 55.0 8.28
120.2167 25.0705 55.0 7.85
120.5105 25.0705 55.0 7.85
120.7552 25.0705 55.0 7.85
121.0000 25.0705 55.0 7.85
121.2448 25.0705 55.0 7.89
121.5877 25.0705 55.0 7.40
120.2167 22.0000 80.0 8.00
120.5072 22.0000 80.0 8.00
120.7493 22.0000 80.0 8.00
120.9913 22.0000 80.0 8.00
121.2335 22.0000 80.0 8.00
121.5725 22.0000 80.0 8.00
120.2167 22.3160 80.0 8.00
120.5075 22.3160 80.0 8.00
120.7498 22.3160 80.0 8.00
120.9922 22.3160 80.0 8.02
121.2347 22.3160 80.0 8.09
121.5740 22.3160 80.0 8.02
120.2167 22.6773 80.0 8.00
120.5078 22.6773 80.0 8.00
120.7505 22.6773 80.0 8.00
120.9932 22.6773 80.0 7.81
121.2358 22.6773 80.0 7.99
121.5757 22.6773 80.0 7.97
120.2167 22.8580 80.0 8.00
120.5080 22.8580 80.0 8.00
120.7508 22.8580 80.0 8.00
120.9937 22.8580 80.0 7.76
121.2365 22.8580 80.0 8.31
121.5765 22.8580 80.0 8.18
120.2167 23.0385 80.0 8.00
120.5083 23.0385 80.0 8.00
120.7512 23.0385 80.0 8.00
120.9942 23.0385 80.0 8.07
121.2372 23.0385 80.0 8.34
121.5773 23.0385 80.0 8.01
120.2167 23.2192 80.0 8.00
120.5085 23.2192 80.0 8.00
120.7517 23.2192 80.0 8.00
120.9947 23.2192 80.0 8.02
121.2378 23.2192 80.0 8.02
121.5783 23.2192 80.0 8.00
120.2167 23.3998 80.0 8.00
120.5087 23.3998 80.0 8.00
120.7520 23.3998 80.0 8.00
120.9952 23.3998 80.0 8.00
121.2385 23.3998 80.0 7.98
121.5792 23.3998 80.0 8.00
120.2167 23.6707 80.0 8.00
120.5090 23.6707 80.0 8.00
120.7525 23.6707 80.0 8.00
120.9960 23.6707 80.0 8.00
121.2395 23.6707 80.0 8.11
121.5805 23.6707 80.0 8.01
120.2167 23.9417 80.0 8.00
120.5092 23.9417 80.0 8.00
120.7530 23.9417 80.0 8.00
120.9968 23.9417 80.0 8.00
121.2405 23.9417 80.0 8.00
121.5818 23.9417 80.0 8.05
120.2167 24.2125 80.0 8.00
120.5095 24.2125 80.0 8.00
120.7535 24.2125 80.0 8.00
120.9975 24.2125 80.0 8.00
121.2417 24.2125 80.0 8.07
121.5832 24.2125 80.0 7.90
120.2167 24.4835 80.0 8.00
120.5098 24.4835 80.0 8.00
120.7540 24.4835 80.0 8.00
120.9983 24.4835 80.0 8.00
121.2427 24.4835 80.0 7.68
121.5847 24.4835 80.0 7.68
120.2167 24.7545 80.0 8.00
120.5102 24.7545 80.0 8.00
120.7547 24.7545 80.0 8.00
120.9992 24.7545 80.0 8.00
121.2437 24.7545 80.0 7.82
121.5860 24.7545 80.0 8.65
120.2167 25.0705 80.0 8.00
120.5105 25.0705 80.0 8.00
120.7552 25.0705 80.0 8.00
121.0000 25.0705 80.0 8.00
121.2448 25.0705 80.0 8.06
121.5877 25.0705 80.0 7.99
